# Created by Octave 3.8.0, Fri Oct 30 09:35:56 2020 CST <jackzhang@jackzhangs-mbp.cn.ibm.com>
# name: v
# type: matrix
# rows: 9
# columns: 1
 1
 2
 3
 4
 5
 6
 7
 8
 9


